## code to prepare `DATASET` DATASET goes here
DATASET <- list()
DATASET$day01 <-
  c(148216,142030,129401,74642,108051,54128,145495,67818,120225,67113,107672,101032,147714,55788,87732,73681,114646,76586,116436,139788,125150,136675,90527,74674,105505,146059,52735,101389,108121,62897,132337,51963,129188,122308,84677,66433,118374,66822,94714,101162,54030,136580,55677,114051,133898,95026,112964,68662,85139,53559,84703,92053,132197,60130,63184,86182,113038,52659,140463,123234,97887,70216,131832,108162,116759,111828,132815,113476,127734,134545,99643,141911,74705,65720,95640,51581,66787,147590,72937,148774,119881,139875,131976,68238,100342,134691,112320,86107,100045,120458,54459,52047,108226,102138,141233,54452,67859,105132,81903,104282)
DATASET$day02 <-
  c(1,0,0,3,1,1,2,3,1,3,4,3,1,5,0,3,2,6,1,19,1,5,19,23,2,9,23,27,1,6,27,31,1,31,9,35,2,35,10,39,1,5,39,43,2,43,9,47,1,5,47,51,1,51,5,55,1,55,9,59,2,59,13,63,1,63,9,67,1,9,67,71,2,71,10,75,1,75,6,79,2,10,79,83,1,5,83,87,2,87,10,91,1,91,5,95,1,6,95,99,2,99,13,103,1,103,6,107,1,107,5,111,2,6,111,115,1,115,13,119,1,119,2,123,1,5,123,0,99,2,0,14,0)
DATASET$day03$w1 <-
  c("R1005","U563","R417","U509","L237","U555","R397","U414","L490","U336","L697","D682","L180","U951","L189","D547","R697","U583","L172","D859","L370","D114","L519","U829","R389","U608","R66","D634","L320","D49","L931","U137","L349","D689","L351","D829","R819","D138","L118","D849","R230","U858","L509","D311","R815","U217","R359","U840","R77","U230","R361","U322","R300","D646","R348","U815","R793","D752","R967","U128","R948","D499","R359","U572","L566","U815","R630","D290","L829","D736","R358","U778","R891","U941","R544","U889","L920","U913","L447","D604","R538","U818","L215","D437","R447","U576","R452","D794","R864","U269","L325","D35","L268","D639","L101","U777","L776","U958","R105","U517","R667","D423","R603","U469","L125","D919","R879","U994","R665","D377","R456","D570","L685","U291","R261","U846","R840","U418","L974","D270","L312","D426","R621","D334","L855","D378","R694","U845","R481","U895","L362","D840","L712","U57","R276","D643","R566","U348","R361","D144","L287","D864","L556","U610","L927","U322","R271","D90","L741","U446","R181","D527","R56","U805","L907","D406","L286","U873","L79","D280","L153","D377","R253","D61","R475","D804","R788","U393","L660","U314","R489","D491","L234","D712","L253","U651","L777","D726","R146","U47","R630","U517","R226","U624","L834","D153","L513","U799","R287","D868","R982","U390","L296","D373","R9","U994","R105","D673","L657","D868","R738","D277","R374","U828","R860","U247","R484","U986","L723","D847","L578","U487","L51","D865","L328","D199","R812","D726","R355","D463","R761","U69","R508","D753","L81","D50","L345","D66","L764","D466","L975","U619","R59","D788","L737","D360","R14","D253","L512","D417","R828","D188","L394","U212","R658","U369","R920","U927","L339","U552","R856","D458","R407","U41","L930","D460","R809","U467","L410","D800","L135","D596","R678","D4","L771","D637","L876","U192","L406","D136","R666","U730","R711","D291","L586","U845","R606","U2","L228","D759","R244","U946","R948","U160","R397","U134","R188","U850","R623","D315","L219","D450","R489","U374","R299","D474","L767","D679","L160","D403","L708")
DATASET$day03$w2 <-
  c("L1003","D878","R937","D979","R921","U572","R4","D959","L884","U394","R221","U206","R806","U912","R345","D290","R65","D996","L411","D157","R590","D557","L32","D360","L691","D861","L156","D603","R733","U444","L433","U144","L238","U213","R827","U949","R384","D409","L727","U923","L98","U781","L201","D200","R749","U288","L486","U158","L494","D522","R636","D330","L507","U691","R918","D706","R163","U609","R559","U674","R784","D87","R670","U401","L85","U981","R848","D579","L882","U777","R671","D385","R913","D899","R92","D780","L795","U821","R956","U446","L109","D955","L570","D874","R499","U845","R769","U88","L529","U657","R553","D357","L83","D324","L273","U689","L715","U933","R161","U561","L603","U349","L445","U781","R299","U26","L212","U429","R763","U116","R961","D258","L518","D668","L767","U587","L654","D24","R318","U35","L9","D199","L161","U419","R6","D707","R944","U499","R207","D349","L727","D637","R735","D137","R18","D214","L531","D327","L916","U440","R859","U483","R952","D631","L96","D320","L192","D985","R330","D196","L345","D575","L535","D868","R376","D126","R903","D619","L126","D624","L990","D67","L927","U685","L200","D759","L157","D816","L585","U910","R587","D598","L398","U706","R847","U682","L919","D291","L932","D54","L314","U430","L60","U206","L997","D487","L874","U957","L753","U999","R156","U102","L826","U923","L204","U293","L244","U787","L273","D687","R134","D167","L287","D459","R875","D32","R635","D400","L179","D19","L576","U60","L182","D409","R114","U329","R207","U525","L295","U305","L861","U280","R531","D49","L890","U521","L283","U37","R344","D867","L474","U893","R140","U289","L67","U490","R121","D34","L696","U902","R288","U249","R107","D750","R389","U125","L406","U950","R932","U795","R205","U583","L665","U214","R806","D409","R832","D39","R207","D977","L873","U645","L762","U847","L725","U397","R414","D558","L669","D736","R897","U464","R207","U359","R257","U304","L932","U240","L582","U409","L493","D481","R48","D537","R893","U48","R707","U630","L70","D289","L769","U98","L679","U504","L337","U117","L343","D574","R595","U168","R498")
DATASET$day04 <- 
  c("278384-824795")
DATASET$day05 <-
  c(3,225,1,225,6,6,1100,1,238,225,104,0,1002,188,27,224,1001,224,-2241,224,4,224,102,8,223,223,1001,224,6,224,1,223,224,223,101,65,153,224,101,-108,224,224,4,224,1002,223,8,223,1001,224,1,224,1,224,223,223,1,158,191,224,101,-113,224,224,4,224,102,8,223,223,1001,224,7,224,1,223,224,223,1001,195,14,224,1001,224,-81,224,4,224,1002,223,8,223,101,3,224,224,1,224,223,223,1102,47,76,225,1102,35,69,224,101,-2415,224,224,4,224,102,8,223,223,101,2,224,224,1,224,223,223,1101,32,38,224,101,-70,224,224,4,224,102,8,223,223,101,3,224,224,1,224,223,223,1102,66,13,225,1102,43,84,225,1101,12,62,225,1102,30,35,225,2,149,101,224,101,-3102,224,224,4,224,102,8,223,223,101,4,224,224,1,223,224,223,1101,76,83,225,1102,51,51,225,1102,67,75,225,102,42,162,224,101,-1470,224,224,4,224,102,8,223,223,101,1,224,224,1,223,224,223,4,223,99,0,0,0,677,0,0,0,0,0,0,0,0,0,0,0,1105,0,99999,1105,227,247,1105,1,99999,1005,227,99999,1005,0,256,1105,1,99999,1106,227,99999,1106,0,265,1105,1,99999,1006,0,99999,1006,227,274,1105,1,99999,1105,1,280,1105,1,99999,1,225,225,225,1101,294,0,0,105,1,0,1105,1,99999,1106,0,300,1105,1,99999,1,225,225,225,1101,314,0,0,106,0,0,1105,1,99999,1108,226,677,224,1002,223,2,223,1005,224,329,101,1,223,223,108,226,226,224,1002,223,2,223,1005,224,344,1001,223,1,223,1107,677,226,224,1002,223,2,223,1006,224,359,101,1,223,223,1008,226,226,224,1002,223,2,223,1005,224,374,101,1,223,223,8,226,677,224,102,2,223,223,1006,224,389,101,1,223,223,7,226,677,224,1002,223,2,223,1005,224,404,1001,223,1,223,7,226,226,224,1002,223,2,223,1005,224,419,101,1,223,223,107,226,677,224,1002,223,2,223,1005,224,434,101,1,223,223,107,226,226,224,1002,223,2,223,1005,224,449,1001,223,1,223,1107,226,677,224,102,2,223,223,1006,224,464,1001,223,1,223,1007,677,226,224,1002,223,2,223,1006,224,479,1001,223,1,223,1107,677,677,224,1002,223,2,223,1005,224,494,101,1,223,223,1108,677,226,224,102,2,223,223,1006,224,509,101,1,223,223,7,677,226,224,1002,223,2,223,1005,224,524,1001,223,1,223,1008,677,226,224,102,2,223,223,1005,224,539,1001,223,1,223,1108,226,226,224,102,2,223,223,1005,224,554,101,1,223,223,107,677,677,224,102,2,223,223,1006,224,569,1001,223,1,223,1007,226,226,224,102,2,223,223,1006,224,584,101,1,223,223,8,677,677,224,102,2,223,223,1005,224,599,1001,223,1,223,108,677,677,224,1002,223,2,223,1005,224,614,101,1,223,223,108,226,677,224,102,2,223,223,1005,224,629,101,1,223,223,8,677,226,224,102,2,223,223,1006,224,644,1001,223,1,223,1007,677,677,224,1002,223,2,223,1006,224,659,1001,223,1,223,1008,677,677,224,1002,223,2,223,1005,224,674,101,1,223,223,4,223,99,226)
DATASET$day06 <-
  c(
